577180091
911788726
450065332
121514531
370598680
331617472
347207352
390375809
1077110287
963750873
907019327
1191913461
1212820418
265546428
830995430
1226665430
1091907503
1042785156
1240638105
1004619976
820661977
1010004512
1348276927
242007697
1024659950
1333165539
1295261164
1366077558
1276658018
1212430107
1166818908
626099367
1018662537
1325116921
1153054462
1372514765
966673252
823822521
1178372596
1316308623
1289955178
710938787
1342668740
395432671
1305971658
884124533
648722071
1225438512
1042066718
1082091663
912377931
1262838146
597170204
929884580
